===================
test2: PASSED
Given input
-5  -3   0   2
4   6   8  -1
7   1  -2   3
-4  10  12  14

Got output: 
-5 4 7 -4 
-3 6 1 10 
0 8 -2 12 
2 -1 3 14 
===================

===================
test1: PASSED
Given input
3 -1  4   2
0 5  -3  7
8  -6  1   9
-2  11  10  4
Got output: 
3 0 8 -2 
-1 5 -6 11 
4 -3 1 10 
2 7 9 4 
===================

===================
test3: PASSED
Given input
10  20  30  40
50  60  70  80
90  100 110 120
130 140 150 160

Got output: 
10 50 90 130 
20 60 100 140 
30 70 110 150 
40 80 120 160 
===================


+++++++++++++++++++
TESTS_PASSED: 3
TESTS_FAILED: 0
+++++++++++++++++++

